测定值
弱阳性
阴性
黄色
软便
未查见
A型 
阳性
0
透明
无色
<0.10 
-   
+-  
0.2
1.01
1.2
1.4
13.6
14.5
7
9.1
淡黄色
正常
0.5
0-2 
1.011
1+  
17
177.3
2+  

7.8
93.8
黄棕色
<0.050
0.09
1.18
185.2
低于检测限              

未见异淋                
黄褐色
O型 
81
>5.0
黑褐色
糊便
烂便
黄绿色
*   
蛋白低
12.404
2690
+   
5000
淡红色
有凝块
15000
浑浊
46.5
2064
0.055
1927
1.022
3.35
5977.7
7.2
872.1
0.38
17.2
21689.1
3月5日



B型 

稀便
47.5
731
1013.3
3+  
淡色
淡绿色
淡黄色
56.2
建议定期复查
19.8
黄绿色
11270
259.3
165.1
阴性<2.00
阴性0.059
阴性0.096
阴性1.96
阴性2.25
367.4
O型
22.92
4.36
53.7
7.635
781
8257
透明
透明 
20.51
A11 A24(9)
B62(15) B54(22)
BW6 .
DR4 DR15
DR51 .
DR53 .
结果详见HLA-I
181
1月3日
56.8
亮黄色
10月15日
304.2
8438
棕色
棕黄色
1.015
暗黄色                 
微浑
4634
2月4日
273.2
7.47
100.5
275.2
清晰
360
2146.8
2月3日
透前
5.19
64.6
95.7
1.217
11.68
3.77
5134
64.8
1.278
15.538
3.06
3.59
5.88
5146
62.3
9.01
64.7
+++
95.5
15.59
4.03
4690
7.843
0.112
11.24
52.9
99.1
-0.6
282
38.2
15.105
9.22
34.919
5.79
透后
2.111
2.61
614
7.602
95.8
59.8
276.9
7.21
15127
12245
8.23
376.6
<2.00 
1.16
7.22
4189
66.6
3.13
380
4133
71.9
47.1
13.75
透后
103.9
70.4
71.6
73.2
81.2
393
4.23
164
3.49
66.1
90.5
398.2
317.3
0.037
7.08
1091
3.821
4.65
4.89
504
6.91
74.2
血透后
12.331
8.79
透析液
11.13
212
92.4
2.69
5.12
534.8
0.074
13.539
381
7.86
0.875
1004
34.55
4.196
602
522.8
27.65
4.907
823
882
7.24
4162
350.5
244.8
18.76
A24(9) A33(19)          
B39(16) B58(17)         
BW4 . 
BW6 . 
DR8 . 
结果详见HLA-II          
47.7
10.33
49.1
4.74
773
8563
1031
3.18
5.25
76.3
445
1166
2.92
655
73.7
透前
1.84
418.8
700.8
258.1
479.7
0.48
209
67.1
建议两周后复查          
<0.5
<5.0
1.013
20.89
0.391
15.82
6.75
825.4
4837
9.32
21.54
3805
69.6
3131
2475
52.7
2576
231
357
55.7
228
200
92.2
361
55.4
7.14
288
22.28
9.87
497
7153
769
12.57
156.6
5.46
7034
8.91
131.5
986.3
0.311
982
15.62
249
551
清澈
B型
淡色
1368
17.24
3.691
7320
1147
126.7
202.7
0.453
3401
48.343
5.74
55.8
4.61
347.9
490.7
350.1
145.9
366.6
0.217
152.3
7024
3.66
12.91
>5
85.9
0.293
1.67
10.11
3109
56.692
0.129
0.155
406.5
<3.00
2241
99.58
阳性57.64
阴性0.066
阴性0.091
阴性1.40
>500.0
0.315
低于检测限
16.3
274
87.4
1560
0.273
12.75
3196
38.397
398
5.57
4.42
12.77
0.627
440.9
7033.9
14.45
39.868
4.52
412
14.09
4.15
46.263
180.2
21.12
84.4
9.02
1060
1479
22960
2478
409
639
71.7
1.69
11.51
3955
5.09
60.809
0.241
2315
55.9
12.14
54.819
367
58.174
28.61
8.74
400
57.672
0.529
4.38
441
4479
58.684
214.1
48.6
±
糊便
16.23
239
3.21
394
5309
7.75
80.731
>500.00                 
4.97
648
7233
848
47.8
6.63
0.234
175.8
7500
811.1
36.5
A11 A24(9)              
B35 B38(16)             
DR52 .
DR8 DR11                
5.97
259
3.58
422.1
1.89
14.36
198.6
31.71
11283
73.9
242
258
241
11098
7.29
70.7
<0.219
<3.220
100.1
12.52
20.12
7346.6
3.82
75.9
11.95
2.96
3.96
109.1
15.75
硬便
1450.9
2.73
438
7567
788
685.9
69.3
20-30 
0.721
11.96
8.76
8511
<100
0.516
111.56
15293
51.2
9.77
<0.01
303.7
10334
7.96
16.21
19.06
8.07
21.74
0.257
45.9
102.5
14.78
4.92
449.4
6.21
8.21
454
-2
-3.2
-2.3
5835
2.87
6.61
6590
6110
88.1
5.42
78.4
119.8
248
101.4
123.9
1331
188.6
>2000.00                
20.27
7.88
3265
6.58
3480
3797
4336
5.58
4958
77.8
1.86
3.62
3909
7.11
2572
65.5
7.78
1.88
3086
2760
2601
2555
2800
68.9
AB型
13.46
85.6
80.3
1515
1056
465
1.401
0.137
<4.560
-25.1
-25.4
299.1
6.96
1702
1017
104.5
33.81
>130.000                
1094
7.05XE3                 
3.42
4368
5.96
61.2
402
219
56.3
3140
9.09
2527
47.4
148.4
3126
2626
54.9
8.67
2005
4.77
449
9.53
596
378
88.4
96.6
91.8
干扰
严重脂浊                
1078
详见图文报告            
388
OVER
23.69
28.04
455.2
>1000.00                
-11
8003
3566
4.56
6.65
7867
2.99
7355
155.1
145.3
140.7
102.4
6959
79.4
57.6
92.3
61.8
44.7
456
1.021
5213
78.2
4.87
408
5022
89.6
4316
59.9
4.69
4434
292.7
-14.2
-14.4
291.1
52.6
7.18
+++ 
水便
软  
>200.0
879
灰褐色
1698
55.5
49.2
16423.1
343.1
胸腔
6625.4
腹腔
脂浊，结果仅供参考      
不凝
中度脂浊
米黄色              
1.08E+08
1.42E+05
2.35E+01
3.20E+05
4.52E+04
4.62E+05
4.86E+01
5.84E+04
6.99E+05
9.72E+02
14.15
14.34
357.3
3.05
5289
6.99
112.9
911
绿色
9月10日
7047
+
灰白色
微浑
无色
9730
1123.8
清晰透明                
7月8日
黑绿色
++  
18560
白色
灰白色         
结果详见II类  
阳性|阳性
7.76
8088
AB型
弱阳
透析后
